696.603721149167 982.299122199904
696.860615061334 982.938652975319
697.200794579354 983.220180099953
698.061388071968 983.196802995891
698.09284691688 982.724585493835
698.246775508845 982.457084631638
698.751139125612 982.113886480097
700.158895272792 982.194593148883
702.111160898506 982.429477384936
703.807197514555 983.364561547423
704.281282635195 983.467754763926
705.30042354819 984.376010916512
705.719060955247 984.478758854843
705.546144494753 984.095374348223
705.913949883545 984.032924084514
706.243934573386 984.020567615224
706.590311419216 984.08468767208
706.777505212899 983.932736495676
706.91610336173 983.536884200224
707.435485753438 983.296211347926
707.950925759022 983.195133202744
708.493424585314 983.463858579915
708.689865861851 983.655884791854
709.56104643209 983.261813609093
711.649650832979 983.227415870258
712.025541167468 982.845589837243
711.933417471863 982.156855823754
712.965890772032 981.903715182624
713.445393274054 981.738962258758
713.530581942392 981.279880462793
713.760734563633 980.885475321402
714.378891178914 980.325760658428
715.050075307627 979.85521294952
715.751055089402 979.652277422351
716.666083779766 979.641145468036
716.916511208961 979.145216903289
717.711368654382 978.852669143883
718.348844492933 978.968552788305
719.757824996349 978.983358287544
721.100083785714 978.73077424413
721.536691514456 978.820386476368
722.123156415698 978.782983109868
722.511968184155 978.630475335748
722.907148859827 978.924358929673
723.383271146818 978.912113779926
723.609521541006 978.644946876359
724.359448046552 978.671329608086
725.044926408182 978.302305322533
725.886063258812 977.577837735692
725.88106741175 977.004542088454
726.439619073932 976.597780477772
727.446475422184 976.573958095537
728.317853907441 976.09071995871
728.699945895339 975.416346166288
729.440724172666 975.009918514236
729.601437443581 974.41202124796
730.187204844514 974.374283922831
731.040973925661 974.655365769293
731.488122374721 974.286786761913
731.384581198085 974.019285899716
731.117899171375 973.675308511373
731.563247341722 973.40903216415
731.495564875387 973.154221729872
730.628940318273 972.695139933909
730.915171039599 972.17371919378
731.295731631791 971.537973282832
732.049715539692 971.335037755664
732.256985472735 971.05562570235
732.63075761203 970.712538870352
732.766098525924 970.369006760181
735.046275700762 969.786360271317
734.846423931092 968.933652570764
735.297094023118 968.374828464135
735.635491517472 967.942908636701
736.294307623494 967.905171311572
736.956249349847 967.740418387706
737.396855956684 966.799768248061
738.147440177571 965.897857309434
738.412121683905 965.504120085302
738.274929150334 965.096913196448
738.721857378418 964.702842013685
738.311522819669 964.257786480159
738.013933249316 963.659109977081
738.282175687668 963.112976298372
738.160104840453 962.845475436175
738.349590121925 962.528214738189
738.698929695066 962.426691314833
738.981993881737 961.995328085115
739.048525800258 961.46066031935
739.623232152253 961.055123223643
739.522550402995 960.622424159406
740.321749357107 959.962855866224
741.678419045737 959.697470075347
742.585497576446 959.114044349682
743.180766099485 958.593848124526
743.266931291903 957.945857063832
743.291463424273 957.653197984883
743.71728406884 957.361540781822
743.83149604412 957.120311331809
744.776411522645 956.448052610706
745.643787836475 955.979286014489
746.320301891274 955.903700044687
746.164245768914 955.509628861926
746.732804563325 955.37070207207
746.684364973797 955.065797843374
746.325082024008 954.772804805795
746.603526556628 954.557067531164
747.373655631048 954.367712988261
747.905583693094 954.203405342566
748.333801277272 953.785066499397
748.305438661539 953.390550038462
748.634911768252 953.327765816124
749.491971147917 953.303498155717
749.609558645525 952.922673998589
749.960230976682 952.707270682588
750.438146166253 952.517470861512
751.136807868991 952.238949364543
751.606866142248 952.443220726229
752.810129112694 952.457246988666
753.344352767901 952.165923744235
754.122904797941 951.506355451052
754.422163818143 951.113174824635
755.099435332658 950.999851529705
755.434359737239 950.632051759127
755.035804978073 950.516947351506
755.135632554558 950.047290198944
755.123879701293 949.717339073038
755.583345837319 949.527539251962
756.104287631938 948.994652598887
756.128644934608 948.664701472981
756.315912752398 948.385623378296
757.223730037061 948.577204312063
757.830786640031 948.260834170422
757.971458576406 947.575439743228
758.19505572508 947.334210293215
757.79770360583 947.143519915793
758.077701843375 946.801323640141
758.866309035601 946.523136101801
758.798657050302 946.216562079957
759.208536867925 945.697145091604
759.847991537875 945.542188287536
759.581786403082 945.070861341825
759.310467860665 944.880616242576
758.914578818995 944.562576307788
758.551827519763 944.461498162604
758.501449464106 944.129765924008
759.469152696152 943.986275032884
762.055776836852 943.875846046076
762.275150998221 943.823637180337
762.461390627207 943.554800483622
761.792098563207 943.212938166599
760.758671485435 942.846474230538
761.253990461843 942.576413018849
762.826344064654 942.073248683797
764.304297798309 941.864301901298
764.95728717942 942.04052073811
765.758159492767 942.024824682526
765.686471953536 940.532140928385
766.592850804881 939.406032429847
766.540915456666 937.747259917323
767.688027323268 937.678909717827
768.788965415442 936.909023757379
769.778474787282 936.306451070291
770.331770035726 934.211305948606
770.710565046954 933.978982062045
771.073433755442 933.892709416101
772.236694768557 933.400565715821
773.064198288423 933.123714012
775.245138358515 932.623889263242
777.039606967906 932.262546026167
778.504005160761 931.988588630467
780.960250287588 931.374216071804
784.313927898165 930.572047443843
784.750069510754 930.011442224523
784.972259892751 929.295880201135
786.45942434328 928.842364382329
787.198190721253 928.462319462005
787.442942097156 928.169326424425
787.099984874558 927.528125855863
786.581829361038 927.231236634274
785.683149074532 926.919987191617
785.386900254247 925.920782972275
785.33056505752 923.067551761717
785.040535160994 922.464979074628
785.29289524775 920.202075401411
786.306976651588 919.708150588441
786.86365121821 918.137765793179
786.834403828954 916.154719451449
786.737262593065 915.757642641022
786.359937688567 914.476020740699
786.316728368511 914.118017089919
787.402402751408 914.18725784576
787.885193447504 915.021709141236
788.606713464209 915.140153135151
789.244172622977 915.079483984132
790.048693422162 914.277760634344
790.621429303649 913.320969160942
791.038115258977 911.545533767193
791.238816810408 910.89409180066
791.951492789693 910.104279641988
793.498400523828 908.692747834807
793.928621568578 908.234111317016
794.470288002189 907.699443551251
795.054049651669 906.973751449436
794.497192553315 906.190729782896
793.422993688161 905.750349670183
793.158339715414 905.506114592505
791.9599279913 904.387241864272
791.367794210839 903.59141845027
791.257077781397 903.053411098211
790.586687042334 902.448723339803
789.864817951317 902.380707098937
789.059726874732 902.06945765628
788.976627775888 901.199384106995
789.111241238333 899.140195197748
788.536899820042 898.996259028452
788.05448052279 898.789093358644
787.882090940294 898.506675677664
787.752455056802 897.405948034966
788.043910747365 896.754951346606
788.75241402603 896.055530656975
788.788524824346 894.853390910464
789.703566496358 893.310613361905
790.293588866664 891.113944816863
790.287317762185 890.556345225209
790.173136310018 890.396713000327
790.163374099105 890.140566731532
790.281807413755 889.808945812478
790.819468228161 889.363890278953
791.553775062516 888.971154930708
792.323816139157 888.60335516013
792.712657388202 888.298450931434
792.765751497658 887.959148963903
792.529850273484 887.159985963606
792.29103920575 886.672962962311
792.485664058379 886.213881166348
792.993701076504 884.911887789628
792.930895525826 884.604868489612
792.672196042977 884.194655973093
792.662084032372 883.900327100996
792.803894467232 883.389926995639
793.084274475578 883.08424353014
793.463459745529 882.459518253964
793.238795948687 882.126227541764
793.367610991791 881.436157693758
794.017788206611 880.8127682521
795.12409783707 880.025405123378
795.444416134765 879.553632899495
795.495044460213 879.055589263428
795.826848678983 878.213011641302
795.933931388958 877.612554025533
795.799650681268 876.666003950102
795.557943696392 875.655333817815
795.410280077452 875.143709197482
795.100308666826 874.63063742309
795.035241870626 874.40009464922
796.609619176947 874.24124166114
797.772498538911 873.939343060109
798.738112456822 873.611507005523
799.238933840593 874.380613729168
799.342693364471 874.559726874101
799.834556306167 875.009903106612
801.169498440662 875.653664024667
801.741851106989 875.835448838636
801.992038300806 875.912704601585
802.561950383883 876.18365636962
803.108125280855 876.658434221167
803.886142405273 877.249095717138
804.616325379335 877.584501500658
804.9023201496 877.687694717162
805.864336166706 878.138761506018
806.47359261385 878.31921048547
806.812709382035 878.461031583446
807.03931677633 878.730647516964
807.211454593055 879.03766681698
807.36080886966 879.536712328936
807.78353400943 879.895495216518
808.914887619728 880.142179324145
809.425434482717 879.95237950307
810.047945911835 879.622428377163
810.506937150842 879.355372793139
811.659346067622 878.78419221722
812.020676379947 878.759590598183
812.342129222364 878.901411696161
812.501740928221 879.004159634491
813.39210156215 879.466581016749
815.193745110743 879.624988726656
816.411808109494 879.960505829719
816.894970681322 880.128153061709
817.827716525415 880.373278695732
819.386888575734 880.121362569576
819.875252167671 880.799632546008
820.619364472849 881.337639898067
821.69162640916 881.774569104943
822.409597656251 881.941882378303
823.389545480969 881.752527835399
824.540418793721 881.230995775727
825.186234886216 880.683637582043
825.852203287746 880.046221877947
826.479055437681 879.524355859645
827.216035793143 878.912432330933
828.298978254988 878.19987593521
828.663410070389 878.046588924287
829.768010083779 877.908552690778
830.530837606747 877.731109338991
830.950342437669 877.514481508016
831.229323032017 877.208686722974
831.342052776589 877.017217108751
831.444425824047 876.519507431312
831.125518983524 875.49737138608
830.95237802559 875.203933070329
830.805042906581 874.60347545456
830.13572077155 873.925316797671
829.859935784514 873.401780986222
829.793831351908 873.146079995599
830.296884413447 872.495973863585
830.625398997756 872.330330383373
831.448949278237 871.821154792991
831.635716986992 871.540963502874
831.864321597278 871.043253825436
831.702150161802 870.276707451284
831.650926535904 870.174850069299
831.064239998581 869.062656513655
830.431585002178 868.397633562858
829.566920457952 867.617172245812
829.434048320984 867.144509465583
829.488014896415 866.429392720368
829.617790708916 866.276550987619
830.017898376073 866.111352785579
830.903252893843 866.011165196742
831.388847681614 866.050238356388
832.130155130213 865.96274119547
832.442649528277 865.707485483019
832.760341735376 865.210221083754
832.890589906911 865.03144189745
833.265119103372 864.458146250211
833.523249563753 864.190200109842
834.450834345167 863.79612892708
835.926783429845 863.096708237449
836.679494542302 862.459737811527
836.847953301751 862.217283846539
836.977433944838 862.038949938407
837.260669803792 861.490255910205
837.376226884488 861.146389841405
837.532589610328 860.635878416505
838.000271793825 859.845175701488
837.878697358636 859.678752984474
837.365184349528 859.308058905775
836.125649165396 858.399691433645
835.808994491264 858.079536427536
835.642006903142 857.530397121161
835.543456524589 857.10916396987
835.609645676764 856.59831858634
835.74483693614 856.190221141141
835.801808257212 856.062871583774
835.913300491356 855.896782825389
836.099614579227 855.641972391112
836.917312599267 855.286195131194
837.594658012505 854.776574262639
838.231091711693 854.484471781405
838.705466867569 854.217304877838
839.096709996063 853.604936070952
839.26877656333 853.158656022451
839.380726898709 852.967186408228
839.606407128477 852.533596787646
839.905351057246 851.245184395191
839.981989127414 851.054048739598
840.602196404704 850.633706144651
840.498221781579 850.467617386267
840.109651841324 850.16059808625
840.146698370389 849.305775314378
840.554690506347 848.744390858256
840.616372792318 848.400079511284
840.768082516302 848.05610212294
840.739176745655 847.736726353634
840.259193210824 847.505738301591
839.836166624808 847.14773465081
839.7513917743 846.892478938361
839.849256516427 846.547722313215
840.066984717957 845.654716938041
840.198800167342 845.3871047563
840.236566578771 845.297492524061
840.341672060333 844.634250685955
840.508802433377 844.366304545586
840.949615761081 843.958652378559
840.941222429784 843.525062757978
840.606410924846 843.217598179788
840.304544759783 843.051175462774
839.958061773875 842.5020361564
839.522652155797 841.887997556367
839.348792471932 841.619606137825
838.974731500963 841.491366024112
838.329096894855 841.438711880201
837.715763417043 840.786045398694
837.649027097478 840.556281861626
837.572514340627 839.968625993321
837.404385570934 839.47047103771
836.912692662149 838.984227273217
836.336576209098 838.267886013027
836.587008887856 837.514920623139
836.549720570057 836.800249156095
836.273716755354 836.301760241855
835.888893418493 835.866500828127
835.233667772072 835.482114445619
833.952579073442 835.018468548386
833.749592908755 834.776014583399
833.612589228397 834.470219798357
833.908879617336 833.985311868382
833.995221225484 833.270640401338
834.389234036614 831.510010506828
833.539039427819 830.999610401471
832.646174862872 830.820831215167
832.185612045845 830.515036430125
831.496751100248 829.13656652726
831.077277858897 828.600228968348
830.881959914528 827.65590528378
830.849126623411 827.502952231488
830.503755625222 826.864757290591
830.235108487498 825.971306637243
830.295381880524 824.7461237453
830.043037931373 823.087017274145
829.743603119438 821.964248361902
829.533961966287 821.708658690823
828.942619113879 820.865747110067
828.6660605016 820.380282582377
828.673261090017 819.997677312559
828.193913895952 818.950494370118
826.991347629589 818.2345983881
825.24531076041 817.823495315234
825.105868948984 817.644716128931
825.155259965808 817.006521188034
824.883768084506 816.3168966182
824.965998531711 815.780893017917
822.868564059638 815.113421037171
822.995432055763 814.220304342454
822.362380109004 813.682742268567
822.232729844579 813.069594224879
821.844850579135 812.787955780702
821.24329712579 812.480157243884
820.614469826001 811.789642117705
820.404684001356 811.534052446625
820.17677489599 810.486424226011
820.36755357542 809.950531945271
819.985888853306 809.387811654632
820.019805466135 807.830228606833
821.015093144012 806.427602363103
821.458467280836 805.739647586417
822.239706661559 804.285703033294
822.258504138189 803.391807101774
822.625798272 802.933170583983
822.284045568824 802.19167110704
821.664874169807 801.040849669923
820.610226374001 800.246807368611
821.012848136636 799.787725572648
821.383485788701 799.176247322107
821.071955527634 798.690003557614
821.412569818031 797.797443460612
821.778134287709 797.389791293586
822.07161256276 797.007186023768
822.339356338327 796.140006782605
821.861574861513 795.091599325189
822.693126360712 794.583202971608
823.585576083029 794.5857633211
825.080544708309 794.794264825427
826.443496392261 794.465649534039
826.701179344849 794.057997367012
826.940191047214 792.832814475068
826.993475114737 791.991127409287
827.787579512949 791.507443994286
828.046139350587 791.100237105433
827.763746148618 790.946059538166
827.183101790796 789.642396368299
827.164243889406 788.825422241098
826.85388749815 788.314131579396
826.345588709371 787.010468409529
825.843725630466 785.349692145227
824.180082175779 783.071871653227
824.596159233718 781.872626214838
824.573102392967 781.25981212978
823.834860341286 780.77189857214
822.749388103255 779.848725600771
822.40164252564 779.23724735023
821.009857580534 778.01640592047
820.592652580377 777.581035187198
819.910200412084 776.327131853121
819.664774355052 776.173399564027
819.613463171384 775.303659973371
819.197887217535 774.817082250248
818.038634539862 774.174991125341
817.94347282671 773.688747360848
817.955655286701 773.177901977318
817.639380168644 773.023279131879
816.212615206505 773.147734381124
815.146108543637 773.093855722238
814.654786000239 772.811438041258
814.360027491801 771.761694749324
813.863678440307 770.226152971069
813.522437434027 769.611223814691
813.081081083907 768.765751884443
811.934100221337 767.688401345807
811.671773530768 766.766564208955
811.641493897676 766.536355393715
811.509133737239 766.152525608922
811.250376721676 765.103116275618
810.801630990725 764.564329686757
809.708477252343 764.202429851966
808.32794135296 763.993149110838
807.286602672923 762.991384542003
806.461828735445 761.888096549812
805.807627713439 761.041845382761
804.275182745217 759.832803824575
803.438318880404 759.24125177226
802.743403864193 758.624318864105
801.731742876486 757.929128317114
801.526081166894 757.646265357961
801.120500495042 756.851332500304
799.46956393505 754.796930331413
798.362692194545 753.69108198973
799.127960219936 752.92676200644
799.533973296207 752.340330653109
799.679894800521 750.806013389829
799.479995397795 750.29305293498
799.05762693525 750.16314302812
798.05987717179 750.337246793612
797.784034486376 750.05438383446
797.296742567924 749.693931153729
793.895564700224 749.54776859357
790.833069578782 748.685710051391
789.780587765501 748.270042877257
788.878479935464 747.548135639909
787.554809350197 746.694982661184
787.386741693366 746.36124667081
787.546152235317 745.722161173568
787.923542438302 744.880028829614
787.36813742101 744.440984551419
786.242026961088 744.152666934652
785.334664043145 743.660411914828
785.464147375971 742.815830540926
785.371120876232 741.074347607838
785.035627298786 740.406319029375
784.141978711072 739.42748628643
782.1488467671 738.517894299326
781.761088948605 738.438523465057
780.077452712788 737.888604921881
779.831071103836 737.835505499797
778.640634505981 737.366293625406
777.840650221178 736.848212471571
776.985046277995 735.843108316442
775.168921973495 734.984389360559
774.612929728043 734.621710288965
774.172701605965 733.952123236899
774.030313913076 733.814977559734
773.767082927433 733.63653233206
773.503557062238 733.534229671902
773.045299181221 733.368140913518
772.445857112863 733.215299180769
772.04066078944 733.05010097873
771.688553411813 732.884123539888
771.514608878152 732.653914724647
771.497626644169 732.602930373883
771.5192422556 732.321848527421
771.47027480644 731.963399598468
771.070045218342 731.503983843875
771.358234646713 731.043677532937
771.613235380071 730.480957242298
771.501174241602 729.560789898594
770.871078394809 729.062634942983
770.714794773205 728.832537447286
770.438318676053 728.321246785583
770.479305381116 727.861274433274
770.677115199668 727.592994334276
770.969357096959 726.902479208097
771.230269601704 725.853960431137
771.302039108281 725.726610873769
771.634901595876 724.600836333862
771.689221373878 724.511669379796
772.404710005888 723.846646429
772.458789346066 723.71885159346
772.339793294993 723.292943021355
772.207038296456 722.580831903805
772.126478244335 721.868609466711
771.872202246739 720.966698528084
771.631597512713 720.421010127547
771.664467763727 719.072373862247
771.684608397524 718.894039954116
771.81217512655 718.5122139211
771.940547525425 718.079514856864
772.178606551295 717.391114802005
772.499614993544 717.059493882952
772.980844832427 716.675998056789
773.143070267848 716.420853663882
773.341720252874 716.025891924775
773.879090337222 715.298863988441
773.897484727335 715.24799095722
774.147435120644 714.99273524477
774.352242095537 714.519627186369
775.653998884731 714.36890052494
776.807413647292 713.531554921342
776.759896242078 712.686416949724
776.663122295236 712.35268095935
776.467842268324 711.762798700181
776.590795836131 708.614459380724
776.943790819706 707.362225839794
777.708757198063 706.471224216397
778.772120150527 704.993012002865
779.177508242021 704.356041576943
779.80652962791 703.284257015465
779.673934510322 702.976792437276
778.775959761479 702.279486818965
778.263913306388 701.687155529847
778.274170598059 701.303659703684
778.543093120881 700.51128719552
778.662282381237 699.999996533818
778.858455552078 699.284879788602
778.917056447638 698.439853136526
779.248800813973 697.878913958578
779.192030219606 697.392670194084
779.076035433115 696.469942500888
778.498775436011 695.697830149578
777.92553622025 694.746715972877
777.010908327714 693.43492647636
776.244896722791 691.867547308764
775.761767260195 690.225361408169
775.337778526635 689.018991519018
774.944592975096 687.966242599419
774.655627334765 687.722118841284
774.148531157554 687.443486024772
773.555445967032 687.012122795053
772.665903745735 686.339864073951
771.3395885956 685.414130753089
770.835204024494 684.855751924633
770.667996804065 684.079854708856
770.599974427495 683.914656506817
770.461447004045 683.723966129395
769.950592276658 683.788531464425
768.753014637347 683.994472619258
768.172267929256 684.046347526367
766.558265520556 683.74355836899
765.028185111611 683.746118718483
763.077777135892 683.659846072539
762.655431828598 683.736322598685
761.08024841217 684.552962767257
760.249774316609 684.910075861692
759.172005462431 685.331309012984
757.606776864763 685.307486630749
756.709240796598 685.372051965778
756.390467592992 685.538140724162
755.620356860191 686.595119786401
754.593409570414 687.131012067141
752.829680263385 687.51439657376
751.898882073598 687.412984469948
751.246971886634 687.477104526804
749.869162328667 687.923384575305
749.76320525759 687.961567178607
749.268745264292 688.063981158308
748.775994553239 688.101718483436
748.212777332729 688.102163761608
746.646130551895 688.204466421766
745.939496274773 688.396047355533
744.893373039796 688.994723858611
744.167481893786 689.300963921825
743.580325095303 689.733662986061
743.045154501085 690.256419560709
742.680381560103 691.122708245526
742.478123890525 691.696003892765
742.405250094678 691.848845625515
742.081615208682 692.332974318687
741.655588749706 692.574983005503
741.245739379259 692.867976043082
740.812856532843 693.58142299515
740.540758080805 694.129671745179
740.126424912637 694.715657820338
739.677779631187 695.276263039657
738.860290735005 695.760280413287
737.868807347376 696.117393507722
737.087503038306 696.550537850131
736.818167472487 696.882270088727
736.421732617041 697.455120457794
735.385948988218 698.385529199468
734.667614370411 699.239461414995
734.45138913379 699.519764024655
733.810050696663 699.965598794983
732.905133159726 700.360560534091
731.807407106987 700.717228350353
730.158382939379 701.341508348356
728.861952091017 701.927049145342
727.386806003294 702.691480448174
726.961591287591 702.806139577622
726.271954720526 702.945845604279
725.297640561584 703.225702935766
724.26963491732 703.543742870555
723.4262651427 703.415502756842
723.181191480533 703.300843627395
722.256848404179 702.764506068483
721.547094121993 703.018425946416
720.972647309248 703.591721593654
720.756637201022 703.859667734024
720.140390866669 704.802766903617
719.670698356989 705.440627885885
719.468393254761 705.886573975756
719.671464838128 707.328162059589
719.838009607758 707.914704732463
721.002857663265 708.846783267285
721.294865459969 709.254880712484
721.746087231141 710.684223646571
721.443844368556 710.824374951401
720.73168568966 711.142414886189
719.683921700684 711.562868800678
718.744238148801 711.791741781402
717.713748925358 712.186258242336
717.124209993702 712.555616486518
716.604184528996 713.027388710401
715.996633257626 713.422350449509
715.40896322694 713.714898208915
714.417855364651 713.866960704863
713.376189879266 713.87887189598
712.810481110411 713.90391879319
711.908152380591 714.043179541674
710.979532229702 714.60333948282
709.938526605569 715.508256049113
709.200534298747 716.209346531891
708.180710351109 716.909546458325
707.343137454345 717.27901602205
706.143405802235 717.251408775348
705.735974327165 716.421298942054
705.338699341541 715.999175234418
704.725847314766 715.743474243796
704.065874124646 716.073870647874
703.303115635963 716.264115747122
701.840635601382 716.121070134171
701.183100188353 716.336696089258
700.523256242233 716.667537771509
699.973452009235 716.768615916693
699.669927811648 716.946504546652
699.390964940712 717.597501235011
699.172330266212 717.941478623355
698.74544227579 718.068494222092
697.564377158546 717.963631212441
697.10669252197 717.924558052795
696.404192006568 717.7439977538
694.962056176819 717.459910279673
694.09722106111 717.445104780434
693.600687392365 717.533381178155
691.959778524567 717.490968432214
690.251968722013 717.256529474333
688.889784499257 717.406031620787
688.019453533191 717.633234808363
687.645840373042 717.747448659638
686.720447441256 718.064264079452
685.795534297061 718.342340298249
685.186613316931 718.723721053091
684.821229563825 719.27196980312
684.609722023091 719.246032349566
684.023092915945 718.630657915015
683.652508556942 718.64212382796
682.833909729073 718.920756644472
681.09274127966 718.582679191916
680.61740580145 718.530025048005
680.178190191879 718.426497872873
679.511165310827 718.244713058903
679.354090791272 718.180593002047
679.003938235002 718.038326625898
678.389375427752 717.908416719038
677.094837711937 718.121148366003
676.224721322894 718.335104527944
675.34194871207 718.331764941649
675.094893683234 718.317738679212
673.598118430704 718.146195263213
672.652576247984 717.822144073094
671.698704355366 717.127844082447
670.878294372804 716.715071216436
670.790766647182 716.689579041054
669.87735944779 716.506124433937
669.279081982879 716.426753599669
668.69701378981 716.398367116165
668.349080779111 716.205116389251
668.111474849946 715.820841326287
667.940162816718 715.60209842399
667.220287248247 715.458162254694
665.933464137039 715.362538767125
665.145349295956 715.14134683488
664.530577069545 715.023348119137
664.021480580036 714.892881614562
663.72817581394 714.717553334096
663.315810068175 714.327267015801
662.752794890255 714.048300240659
662.049162665897 713.807961346991
661.87566431919 713.412999607884
661.968567731188 712.902154224354
662.18206244093 712.684747156576
662.061315528352 712.404444546917
661.79817828038 712.239246344877
661.710010892154 712.201063741575
661.569077434698 712.124587215429
660.988652187348 711.883803043589
660.284087783662 711.796417202214
658.666167231984 711.136514950402
658.369674990614 710.792537562058
658.317197869466 710.728862783375
657.60076046005 709.990368934097
657.32004283878 709.812035025966
656.935498676628 709.417073286858
656.4670523298 708.601323674632
655.889596807511 708.104949831712
655.169901698814 707.710433370777
654.625685543812 707.468758642592
653.085474832533 706.182127362828
651.685867867225 705.074163949825
650.321915131372 704.015960372611
649.867064768433 703.633800380966
649.621559720518 703.544522107357
649.150152532028 703.059614177382
648.749972053722 702.536857602735
648.669957591631 701.770756506755
648.724359858369 701.655763418677
648.887848486333 701.157608463067
648.789255085352 700.467983893234
648.756879986465 700.187681283574
648.727910330978 699.61316112136
648.099814893266 699.013594061937
648.172456529962 698.860307051016
648.489321926185 698.834369597461
648.280191617513 698.65603568933
647.892771791716 698.579113885011
647.295416278533 698.464900033736
646.628238982065 698.261073950222
646.03603995622 697.623212967954
645.251703070718 696.857557150147
645.533449145456 696.806238840754
646.383532876739 696.435544762053
647.089350388831 696.281812472959
647.654260071506 696.191754962548
648.362499335593 695.821060883848
648.544367842394 695.259231149555
648.776166881763 694.914029246237
648.887980808623 694.352644790115
648.714460211197 694.084253371573
648.295263231734 693.816307231203
648.278656336743 693.637528044899
648.442131741574 693.216183574064
648.340203066369 692.807752170236
648.606026442144 692.667155587233
648.802160106784 692.424256344073
648.698708616681 692.232786729849
648.594969766956 692.067143249638
648.563381065237 691.721830026776
648.653676395718 691.492623087425
648.728510294082 691.070499379787
648.908265708118 690.687448831798
649.281469085166 690.304398283808
649.724345231249 690.036006865265
649.780787193566 689.665758064738
649.764916589351 689.499669306353
649.784951229819 689.219032738065
649.999534319859 688.899211690586
650.423865395014 688.707296798189
650.584610150147 688.452486363912
650.885405325348 688.273261899435
651.358737449732 688.464397555029
652.290506644328 688.502134880158
652.572464083731 688.425324395382
652.854172926084 688.450816570764
653.259960260205 688.335266884972
653.506504497196 688.258456400196
654.545874512687 688.104724111102
654.828664784707 687.963348291296
654.715054494446 686.94243676104
654.684907590414 686.457528831064
654.601140645104 685.947017406164
653.747011306364 685.220100789374
653.606998166957 685.130488557135
652.523597556799 684.3652780175
652.156697372873 684.174142361906
651.876933274992 683.96987100022
651.809914957742 683.612757905785
651.26952574169 683.153342151192
650.583459232345 683.179168285203
649.403560916453 683.434869275827
649.0167023002 683.447559703746
648.789068329873 683.332900574298
648.549591074046 682.681458607766
648.411507782237 682.413512467397
647.941742726158 681.979588888185
647.455679478337 681.404957406429
646.879274784035 680.983724255138
646.464275373987 680.396068386832
646.325057662771 680.23042490662
646.013394714816 679.757762126391
646.29797538574 679.451188104548
646.671023887644 679.08093930402
647.905518319838 678.634213977347
648.485451791117 678.570427879121
649.265810501484 677.868112881367
649.692075335978 677.420496998348
650.240866018591 676.974216949847
650.471947215514 676.693135103385
651.319352666118 676.271456673921
651.864862560762 676.118058343457
652.500071542442 675.798793893693
653.361732167831 675.696379913992
654.450732672078 675.657752032518
655.259313477889 675.631925898507
655.80413556629 675.54275894444
656.051979654628 675.350732732501
656.267558089777 674.788902998208
656.677753225456 674.124770603756
656.962563358189 673.639862673781
657.316942525042 673.282304301173
657.844495566992 673.154509465633
658.494121768651 673.140928481369
658.79614853414 672.78337010876
659.383962263413 671.711140269109
659.544753894348 671.443082809196
659.882613824306 670.906745250284
660.465011056765 670.472821671073
661.628395308582 669.897410952515
662.419945905847 669.654511709355
662.824321990282 669.526271595642
662.810054849066 669.130530619733
662.478611289457 668.92670453622
662.041326190662 668.672339380114
661.114912463988 668.276932362835
660.939355466605 668.264241934916
661.049527676385 667.917258918907
661.787090055837 666.818646347528
662.648586190086 665.268744348207
663.353398078779 663.374308362827
663.512076166112 662.913556773716
663.84697519413 661.711417027205
664.331745443426 661.177194539613
664.897901826252 660.693956402785
664.663455393359 660.268827067483
664.517076843369 659.818762154515
664.383146269172 659.548255664653
664.349779477382 659.510852298153
663.993757765159 658.766013234916
664.15860233963 657.89593968563
664.356150102861 657.51500420896
664.404288276631 657.353256912759
664.539986188608 656.134530554318
664.38837713652 655.930259192632
663.900309765806 655.669103544395
663.489015103269 654.877510273033
664.035651413425 653.528874007733
663.477979105615 653.374251162293
661.655308180428 654.117420432383
660.122877846322 653.792590005463
658.538953453493 653.62271638261
657.060700691753 653.919494284657
655.460570613552 654.318240888231
654.926494278511 654.412973819455
654.454068318454 654.342842507268
653.964641591187 653.973818221716
653.5990340035 653.234545135635
652.274735560489 651.092645805825
652.10295236264 649.99447851262
651.948578109883 648.99783464277
652.144282352174 647.732354076205
652.63569420936 647.283068400038
654.003302573954 646.179446449219
655.177251407728 645.254937643332
656.545838627227 643.499428447806
657.404462007836 642.346046661197
657.650972015099 641.476863668256
657.827444535908 640.75996581035
658.475578918462 639.952787802947
659.230325291919 638.148409327978
659.528691639721 637.649475135565
660.874647328755 636.864672356335
661.224850373563 636.50544419058
661.226718225175 635.342711562345
661.576750358515 634.754165137695
662.397991536095 634.444140210013
663.655250289794 634.388146479807
664.091923554369 634.258236572948
664.942543714889 633.723568807183
665.42561897187 633.264932289392
665.777760725414 633.126450777709
665.936484542955 633.063666555371
666.907768711419 632.634307077429
667.688281407288 632.101420424355
668.12094008034 631.539590690061
668.393026221569 631.143404435979
668.76014124304 630.376078825025
668.990812561996 630.223571050905
669.696286834819 629.920781893528
669.979370527794 629.756474247834
669.973346534841 629.281251118113
669.757336313251 628.843431354892
669.11288432907 628.068536015003
669.373487627067 627.390377358114
669.632671279754 626.763537010619
669.517558462909 626.45395736111
667.844463989216 626.415774757808
667.49812941908 626.310911748158
667.295538408769 626.039069423777
667.13823211632 625.30658682983
666.656409699699 625.071257315604
666.296467953854 624.81232805823
665.88854496366 624.359591476226
665.484140912936 623.085650624381
665.389416199656 622.673768314714
664.734429576201 622.912437415235
663.910709334262 623.043126558897
662.847344539756 622.957410510669
663.511748623167 621.128430416663
663.791550452497 620.130895990468
663.757306215541 619.006457285077
663.374473584193 618.407669462456
661.285247640344 617.367277012147
659.874312673592 616.87346351872
659.334285540107 616.773164610339
658.062047650254 616.94303823319
656.842090836334 617.214880557571
655.552410320448 617.346460257578
654.211951093975 616.903185836742
653.045927570233 616.509893890782
652.279168933995 616.422842008036
650.798200729726 616.681882584954
649.351805476254 616.762143975567
647.538717771225 617.354586584228
646.822652101444 617.790736554302
645.133327692644 617.564312603528
644.333735800898 617.13116826112
642.784837386601 616.546072742306
640.958633648843 615.795222423738
640.50762583735 615.412617153921
639.741347375405 615.272911127264
639.20266536542 615.120514672687
638.750664395465 614.827076356935
638.352498746656 614.213816993705
637.468113937587 613.358660263202
637.01768409697 612.899133189066
636.37331950442 612.925070642621
635.655321412233 613.821526923633
634.941477242852 613.860488763737
633.51445619664 613.69573583987
632.468950455473 613.760301174899
631.476588084489 613.748389983782
629.701306205402 613.570946631996
628.412042212275 613.750950333274
627.729646172083 614.212147200557
626.922226193137 615.388906091229
626.409895459967 616.540061486976
625.741088526872 617.71726565582
624.974852560819 617.666281305057
624.259958366538 617.820458872324
623.788619291341 617.960944135783
623.57915675315 618.025064192639
623.247308441482 618.166106053814
622.096424850693 618.204733935288
621.348475563961 618.013153001522
619.952075992323 618.460768884541
619.462180009326 618.678621230491
619.009138337974 618.678175952319
618.366965127051 618.384292358395
617.819079122289 617.053467219999
617.14696924631 615.979122309027
616.367724309487 615.326010549348
616.145616018125 614.763401578252
616.152563029625 613.829096652568
616.020872178331 612.728814288041
615.635035974613 612.038410481406
615.235196351006 611.935996501705
615.049601109165 612.257487342331
614.38278421196 612.971713531202
613.737849508547 613.048190057348
613.267343081661 613.098729129939
612.845978647074 613.597663322352
612.331894248047 614.787112640943
611.840400186527 615.285712874726
610.986446679953 615.297958024473
610.410123963487 615.553659015096
610.056371430102 616.231372393812
609.89659147809 616.602511750685
608.58632901165 619.058220872644
607.91796014251 619.85103865898
607.596692520227 620.669793898872
607.437982878591 620.925828848124
607.131157855709 622.192199971034
606.393454608307 622.805793292895
605.814813928859 623.13785949012
605.324146424533 623.4576805376
605.122550461488 624.583789036136
605.352141902988 626.157513417692
605.103076504743 626.66969463574
605.355013659168 627.744484824884
605.415339928556 628.883395070884
605.159650000828 630.099227121202
604.771702550391 630.55953343214
604.591423145312 631.212199913648
604.412057551726 631.685196652506
604.036421125985 632.708668532255
603.286782537203 632.619056300017
602.746914075191 632.426696129448
602.401240250849 632.067801922323
602.250181084865 631.414690162643
601.958325019162 630.902620264139
601.490410594433 630.594710407777
601.002122349172 630.581574701685
600.792423495061 630.581574701685
600.314876724499 631.2211054771
599.939135530908 632.180345980451
598.708321901506 633.023702839379
597.79959234563 633.137916690654
596.801598365735 633.405083594221
596.237855592726 633.955002137398
596.105502149373 634.915133197094
595.681177120103 635.37499422986
594.737634457557 635.425088024279
592.607044291237 635.434438865904
592.027874546632 635.741124207291
591.020735226125 636.725411607851
590.617667470713 636.903745515982
589.763594061105 636.684668655057
588.948094525782 636.222247272799
588.599067964041 636.234492422545
588.124768936333 636.438318506059
587.169970435351 637.422717226162
586.144245251312 638.508973328251
585.10188895984 639.466989316627
584.954402817535 640.157838401435
584.928273757345 640.887871965433
583.444392605658 642.165597681745
582.542827702673 642.982683128489
581.10688300937 644.58056385091
580.286719692692 645.820997520266
578.358424799671 647.481773784567
576.864149344735 648.079671050843
575.21339371517 648.523502069394
574.457976566081 648.80369335951
573.949402948628 648.892081076774
572.546297339089 649.131529414097
571.83098023466 649.001174229065
570.876335153273 648.435114352131
570.407009924324 648.203235743743
569.03019060971 647.878405316822
568.315657670927 647.671239647013
567.712924227108 647.041838950026
567.038951895463 646.45028689771
566.718085961784 645.680846215435
566.663328204088 644.629878408527
567.033396915872 643.234933213274
567.289271131998 642.492543179986
567.22666248114 641.941400121835
566.722901850657 641.77319629213
565.933497188953 641.975797860669
565.124000275624 642.357178615512
564.506684886002 642.687463700047
563.715947673761 642.954185325442
562.998934231382 643.002609326713
562.33533119518 642.936374198538
560.377366534511 642.954185325442
560.115783357748 642.914666887623
559.764896016813 643.028880738898
559.219732435019 643.244618013529
558.500912511882 644.44642380141
557.991951409209 645.712683604777
557.104125873771 646.554815948731
555.906758917206 647.037163529213
554.696283953419 647.288189099024
554.115725594471 647.491124626192
553.373368440564 648.019892456169
552.812392890583 648.213477141713
552.392869544479 648.253440857705
552.112440169548 648.343832326745
551.586570908922 648.575710935133
551.445691920334 648.639830991989
550.621128013346 649.0249966113
549.056139853861 650.203425295118
547.371524635635 650.961400064449
546.63728274079 651.053572646179
546.235952944053 650.96607548526
545.415350523724 650.892159308607
545.310805509146 650.86755768957
545.066510373232 650.779169972307
544.839934664006 650.703250043876
543.239915894688 649.805123969717
542.735253904518 649.551538050413
542.421068650211 649.437769477311
542.246751820839 649.374873935429
541.793463256587 649.223701995828
541.148470330384 649.060284906479
540.398368945005 648.846662703168
540.154398761065 648.821170527786
539.053675439481 648.799908495043
538.879246339954 648.749369422452
539.196732137827 648.379120621925
539.290691073065 647.474204055633
539.086965707966 646.799384985039
538.968304412031 646.354329451512
539.375142000589 645.716134510615
539.412654942313 645.384513591562
539.623292845199 645.256607436479
540.096410445521 645.06424726591
540.361199822547 644.834149770213
540.327400135412 644.630323686699
540.120371151998 644.33766460775
540.595246024801 643.95428010113
541.122401217206 643.570784274968
541.315559860089 643.505773661766
541.631199614696 643.352041372672
542.071533740183 642.955409840417
542.372412379189 642.457811482522
542.724927408494 642.137990435043
542.884502453055 641.857353866754
543.34080619808 641.562579716485
543.552014949074 641.472967484247
543.972668506719 641.292963782967
544.323219862623 641.215262741847
544.620827382732 641.099267777881
545.05986190279 640.843232828629
545.275674893417 640.116650170468
544.982442257773 639.633412033641
544.915610744277 639.238895572706
545.306426386582 638.511088399571
545.430782073116 638.192157908437
545.64308750424 637.87278213913
546.101939196549 637.387428930983
546.226963491651 637.093990615231
546.297180269907 636.991687955073
546.597330476961 636.684668655057
546.827690441962 636.327110282448
547.11033494515 635.982242337761
547.567991709717 635.534292496112
547.709974628834 635.343156840518
548.275061911844 634.678133889721
548.732615423512 634.243319754165
548.963098765555 633.885316103384
549.333479157049 633.46363767392
549.528737422911 633.157508930249
549.634846542498 633.003776641154
550.005890384425 632.505287726915
550.431858211463 631.815663157081
550.809346130547 630.565878646101
550.921548063791 629.609977729045
550.700975069898 628.820944807175
550.620730314725 627.916918797228
550.853691679206 627.164398685513
551.030689676956 626.92105416418
551.594612028251 626.409429543848
550.790830647819 626.298110000695
550.159386350364 626.517298181164
548.864096149699 626.662904143608
548.776457908542 626.637857246399
548.23276705152 626.856488829151
547.281937064457 627.548339789848
546.684565538073 627.932614852812
545.844295004124 628.050613568555
545.022162722209 628.028127020838
544.987461924551 627.926269638853
545.322278187252 627.606893869547
546.378427563849 626.851034171537
546.466255694787 626.761867217471
546.873260272172 626.212393952467
547.102855016225 625.944002533925
547.385286032709 625.624181486446
547.859493649865 625.316716908257
548.458206058803 624.893813963818
548.917086483882 624.395213730035
549.288975927087 623.79486743381
549.432339911948 623.335340359674
549.592887016018 622.940044661937
549.787926185017 622.671653243395
549.964992266131 622.314428829416
550.039320941211 621.829966177614
550.251527232885 621.522946877597
550.604856843288 621.113958876053
551.166421255973 620.882525545838
551.798235516654 620.637511231358
552.607261136231 620.124550776507
553.256492534658 619.917385106699
553.466574758907 619.967812859748
553.974537591431 619.879536462027
554.248901890678 619.718123124455
554.632008628013 619.694412061764
554.894462453212 619.644318267345
555.576239560598 619.493925564545
555.975208344008 619.585652868103
556.110853527687 619.8425783737
556.402819269011 620.100394435643
556.906592166118 620.205257445294
557.885170616085 620.03070840163
559.76935393837 618.74530163684
561.487120888734 618.048441296702
563.592562067809 616.994467862127
565.789889753642 615.581600220427
566.543181781342 615.264896120157
568.354904787302 613.978598799022
568.505448462616 613.184445178168
568.581648695926 612.685510985755
569.232909502609 612.047761323031
569.515665218556 611.805641316673
572.520283482804 610.0378869714
573.240955801985 609.605521865794
574.788473305457 608.574480257109
575.654985253419 607.706967057317
576.097215364497 607.209702658052
577.838791149 604.860971617064
578.726050703683 603.648145194409
579.17548351831 602.702819633953
579.235411684771 602.229377616923
579.195130127613 601.410177098859
577.312735477187 599.559601013481
576.761560709229 599.237664894682
576.359509515348 599.389727390629
575.779298443288 599.809290748773
574.613222972332 599.907363266291
573.839150671523 599.456407796977
573.251743947565 599.235995101535
573.169460502428 598.96682444619
573.279212697994 598.583328620028
573.003788262526 598.453752671797
572.166871342785 598.629192271807
571.182539992714 598.241021024832
569.58913172669 597.990552052737
568.61759762229 597.883907930396
567.177169212418 597.8261330875
565.684861298912 597.716149378865
563.543317358688 596.962850030347
560.020743130998 595.817594570387
558.810901018942 595.490537752603
556.853854963667 595.210346462487
555.152818918907 595.17550344548
554.561555293702 595.197544715024
554.175589410832 595.243074408174
552.989455111643 595.212906811979
551.658541564234 595.418847966813
550.999097274205 595.71740698155
548.98403291941 597.1709062565
547.9239055656 597.667725377593
547.031714333962 597.997676503499
546.643800712451 598.603254818252
545.98611532633 599.732814222627
545.584370539278 599.965583387361
544.74585431031 600.872169746799
544.756424999086 601.34739287652
544.482882074161 602.022991183917
543.437591821485 602.791652629389
541.73100633044 603.042566879656
540.184560994613 603.36361244211
539.178804850132 603.521574873844
537.101962986288 603.665956321314
533.059425368618 603.260419225608
531.618933692213 603.123718826615
529.901747108642 602.898185432187
529.054983448514 603.175927692354
528.241009601558 603.131733833722
527.51326942974 603.325763797438
524.783550718984 605.105985931544
523.159923843208 606.441486490752
522.790021647123 607.149367465663
523.163137806725 608.731997410671
523.045916996157 609.561773285334
522.539107656204 610.148649916838
522.881615454354 611.205183700904
522.464409780271 611.895698827083
521.930801259347 611.820112857283
520.803532701571 612.076593084708
520.793299892674 612.405653654268
519.636979433334 612.496935679653
519.496770730916 612.586547911892
519.612810912888 613.528422566511
519.749466475148 614.10171821375
519.748560484497 614.21682262137
519.221564535274 614.47207833382
518.957708523179 614.701730551345
518.886240652403 614.969342733085
519.042651368984 615.185859244518
519.270020867167 615.185413966346
519.585698799563 615.044483424714
519.84721944851 615.209681626753
519.950714092721 615.48987291687
520.402111824753 616.023761445832
520.803539544053 616.150220446853
521.047123990522 616.340465546103
521.56844135496 616.912981956539
521.654384296607 617.154990643354
521.911418851526 618.007698343907
521.680886820797 618.504517464999
521.364514371463 618.74741670816
520.750239129953 619.028943832794
520.567358019969 620.124105498335
520.583333381609 620.455392458758
520.597821820733 620.875735053705
520.471794794778 621.410848097642
520.168788069284 622.201550812659
519.940083887101 622.469496953028
519.781246586224 622.673323036542
519.567464090149 623.195634333017
519.664464415 624.379962952624
519.890545606456 624.64712985619
519.958028138645 624.991107244534
519.920966231978 625.385512385925
519.462213580095 625.896023810826
518.721813640774 626.840013536765
518.754853724924 627.043839620278
518.733272394286 627.731349118792
518.691704203679 628.699495185595
518.585062919384 628.92881344449
518.108612287322 629.630349205442
517.614592087674 630.216780558772
517.331250087982 630.764584030629
516.610014669861 631.326413764923
516.204979145929 631.772693813424
515.520551465769 632.180791258623
515.222606798632 632.245356593653
514.908629687929 632.182127093141
514.575131059997 632.246247149997
514.119653298346 632.450852470312
513.364613647351 632.922624694196
513.081849376493 633.305229964014
512.817996568057 633.636516924437
512.465382912233 634.082796972938
512.07606205969 634.783442177544
511.722639350601 635.331245649401
511.370446346324 635.739788372773
511.192135963161 636.261654391074
511.049819374116 636.61843352688
510.908420292483 636.860887491868
510.330574595967 637.052357106091
509.858465302234 637.014619780963
509.14058715331 637.168352070057
508.441061203399 637.257519024123
507.686320680073 637.589585221349
507.037020266113 638.048221739139
506.982351237569 638.430827008957
506.557405181145 639.27117824022
506.4510988897 639.462313895814
506.081010959697 639.883101768933
505.448643172125 640.44326171008
504.956772062441 640.775327907306
504.833933967047 640.915033933963
503.6762073987 641.565140065977
503.448113165816 641.654307020043
503.008853786428 641.960101805085
502.114100264909 642.469611354096
501.657195174393 642.864573093204
500.708440404188 643.704924324467
500.127501514845 644.392879101154
499.915835627104 644.660046004721
499.350270668595 645.755652948434
498.889010716156 646.81252069113
498.800445326003 647.003211068552
498.60495304357 647.57650671579
498.708467535355 647.830871871896
498.775430227 648.238524038922
498.704379613751 648.454706591725
498.545505988239 648.671223103158
498.439693781402 648.913677068146
497.422247711596 649.461146581373
497.230035698107 649.512019612594
496.827516421677 649.549868257266
495.952018519273 649.89384564561
495.249878255665 650.428068133201
494.686128110041 651.204744585781
494.400277234085 652.197937549793
494.221004713931 652.961923574454
494.388354974063 654.222728720206
494.2623651572 654.871610337246
494.050621013936 655.151801627362
493.575336350941 655.737008465718
493.102528645005 655.91534237385
492.734754367382 656.169707529955
492.245232344106 656.320100232754
492.133537383839 656.871688569079
492.280531110477 658.56986819988
493.205086033273 659.882882211372
493.701025927952 661.038379069301
493.454310603603 661.880400093712
493.434394978903 662.784982701374
493.550148491628 662.778526167871
494.038621882295 662.753479270661
494.230647834311 662.817154049345
494.527008228165 662.944614926255
495.01378315833 663.224917535915
495.397467179471 663.301282742518
495.816014976543 663.365402799375
496.635435202021 663.556538454969
497.315153165044 663.798547141783
498.291206034942 664.168461983681
498.571024405022 664.028310678852
498.478592477545 664.906955832959
498.300906264492 665.352345325115
498.177361528157 665.594465331473
497.718873916205 666.192807875922
497.279355840584 666.638197368077
496.82383581553 666.969484328501
495.632036775478 667.592428491986
494.914657221882 667.833991900628
494.372130583817 667.975812998605
494.622422190585 668.562355671479
494.685673001501 669.290162844614
494.349199833483 669.646830660878
493.344149926371 670.15600625126
492.7955257123 670.62733319697
491.938852199668 672.004467265318
492.088590557314 672.79606053668
491.641782255513 673.625391133171
491.200453926848 673.892891995368
489.053649996086 674.399173277629
488.100179389799 674.920594017757
488.022940630414 675.584281134037
488.120279847082 676.286707451333
487.817089540749 676.707940602625
486.986848884838 677.229806620927
487.293970592702 677.996798273252
487.374985908733 678.62230278623
487.542156527719 679.350555237538
487.043510124286 680.013797075644
485.729953208271 681.211372720885
484.294841459996 682.294177917137
483.043214395128 682.62334980624
481.80634785206 683.208111366424
479.953300013329 683.880258767982
479.57963721418 684.25017360988
479.696349554924 684.74866252412
480.581473401462 685.657920552595
480.890579684035 686.271513874455
480.767784477188 687.663453442042
481.045192740266 688.021902370995
483.317327643302 689.16381824466
483.924852023976 689.829175154087
484.143329804575 690.672532013015
483.642456518962 692.842929145872
482.498494880894 694.361105075395
482.061743028484 695.522501869112
481.951560012143 695.879614963547
481.158857794452 697.398570129871
480.781439445762 698.02374068422
480.548093244244 698.368497309365
480.130219831718 699.389742798252
479.447276293506 700.512623030038
478.871802425437 701.39282665775
477.991025680084 702.758494813153
476.287069319092 703.725861643154
474.958372679973 704.247393702826
474.040662133933 704.360716997756
473.492608916566 704.487287318321
471.137064415216 705.363817401109
469.618968032146 705.514098784366
468.381962460203 705.77903929707
468.132137400564 705.982865380584
466.157623794298 705.990546429062
464.605249590265 706.114556400133
462.484064059292 707.667909305293
461.897557460672 707.973258812162
461.088215068949 707.856039333222
460.513438447603 707.419555404518
459.899065478197 707.200812502223
459.563448165923 707.263262765931
459.239234981946 707.697186345142
459.025416150433 708.988159087089
458.407293531633 710.175493334361
458.427874955975 711.082970250145
457.974138756445 711.886808671254
457.277448423438 712.460104318493
457.075090616586 712.958259274103
456.536055560249 713.545135905607
455.209088859371 713.784138964756
454.561873259674 714.510721622917
454.727985733091 715.163833382596
455.222633082582 716.201331524784
454.666033991444 716.774961130652
454.575519262599 716.902422007563
454.068624375534 717.706260428672
453.299031273072 718.330874385303
452.379037790093 718.442973165259
451.524169765051 718.862536523404
450.134485481247 719.574647640954
448.943433800667 720.043970834888
447.881168369089 720.219299115354
446.987598507013 719.78103407396
446.061971006598 719.240466372408
445.096654518839 718.904615310715
444.640495229242 718.749213228474
443.533159168278 718.437963785817
442.461480896042 717.7814011203
441.809454001787 717.732531840856
441.192158368072 717.683773880955
440.398523465772 717.622993410393
438.916356084062 717.640804537298
438.016017287124 717.631453695673
437.540009011741 717.735092190348
436.497739945445 718.184823144687
436.214887095092 718.300706789109
435.702417697258 718.442973165259
435.048619961125 718.623867422883
434.660553409879 718.829029340915
433.75983072962 718.972520232039
433.406686705267 719.024395139148
433.177745978016 718.833704761726
433.090916748799 718.271875027433
432.898067073088 718.004374165235
432.476068493676 717.571675100999
431.771902205477 717.164802170774
430.927567876064 716.337586645604
430.540644862252 715.942624906496
429.730528946876 715.599983352671
428.937535879709 715.448811413069
427.985219966962 715.271702019912
427.244351053827 715.24832491585
426.714208698175 715.607219122976
425.989818175795 715.864144628573
425.228981163648 716.36430333596
425.051702853099 716.594066873029
424.307270225285 717.400910921802
424.041869017064 717.567333638816
423.40285573321 718.258294043168
423.224910909781 718.578003771104
423.241095654392 718.89737954041
423.310951253384 719.139833505398
423.380321765979 719.343659588911
423.485007274323 719.675725786137
423.695887254009 719.918291070667
424.328955211497 720.338188387442
425.103929295109 720.859720447114
425.36721262392 721.191341366167
425.806053371333 721.752725822289
425.980258686001 722.262791969016
426.701782187798 722.8101501627
427.336547794853 723.013085689869
428.077397811434 723.227932408154
428.537209312616 723.137540939114
429.155334555778 723.186744177187
429.878012563949 723.577475773655
430.159412118356 724.078079759214
430.422845317224 724.612747524979
430.617049764202 724.815349093518
431.111456916373 724.712601155188
432.489876919157 724.327769494507
432.613383457826 724.289586891205
433.319981408579 724.46625100619
433.989876526484 725.024629834646
433.972057761409 725.253948093542
433.777531135956 725.521894233911
433.882722237577 725.890473241291
434.164494133206 726.335528774817
434.19876099962 726.806521761898
433.950416011213 727.494810497214
433.879497839371 727.710993050017
433.878971318953 727.991295659677
434.338026580044 728.207032934308
434.920557693401 728.59932300438
435.574501984143 728.584962783313
435.963989400457 728.418874024929
436.440686861982 728.315680808426
437.041589732081 728.61980580032
437.870820404141 729.826620967643
437.905257416016 730.157462649895
437.851450855531 730.781186050181
437.60399584727 731.125608716698
437.426756711297 731.457229635751
437.532589707689 731.737086967238
438.009064035095 732.078504006088
438.115493270648 732.282330089602
438.273070918159 733.580093323681
438.325637196848 734.076467166601
438.395591981552 734.610689654193
438.996804314506 734.863385017151
440.022501209876 734.898228034158
441.543224105479 734.842122984409
442.322100922468 735.345398639004
442.911246230257 736.887285631218
443.151363054377 739.221990409769
444.535203372198 740.947777287273
446.996864025643 741.859484345697
448.6626775522 741.791579424373
454.355061946371 742.384801269837
456.684598263625 742.831971874683
459.703695269282 742.333816919073
461.404687503038 742.290068338613
463.180603668655 741.96479263352
467.38514908722 742.622134535839
466.462228381048 744.999808658048
466.773423966225 747.74094108865
466.892275885348 749.226389072486
468.5048075708 750.409827135747
470.57288483691 751.952604684307
470.731374737814 753.207398574729
473.125949659534 754.340854163115
474.942769056436 753.833793644052
476.793874253376 753.378162753926
479.756185974649 752.106336973402
482.205897597452 751.958059341921
481.423382604957 754.668244939528
482.240911611747 756.134100683769
484.394217801426 757.97454669072
487.213604923189 759.513539374812
489.749878383488 761.025258770832
490.608559654151 763.276362572475
490.342496818045 764.605851876353
489.263633347727 765.653480096968
486.600109567578 765.548617087317
484.644905828017 765.622978542143
484.177425387547 766.031855224145
482.208291205956 767.07736837344
481.086664817981 768.483000244834
479.46233406457 770.195094818529
478.479407139907 771.754013700846
477.85975848391 772.777040302424
475.381227890317 774.436592051751
471.408200767057 775.991169471885
469.680238498982 777.268115951394
468.815051555611 777.957295243056
468.865940344304 779.236802072058
468.985103206019 779.671170929441
470.087805347545 779.937001998491
470.686372967306 780.016484152303
472.629666637477 779.892028903057
473.614165395561 779.632543047967
474.71449169901 779.781154638077
476.59836967455 780.714123729244
478.582726473547 781.991960765098
479.620029321501 781.744831379299
481.348476592318 781.706092178281
482.971376319635 782.393601676795
484.727019573866 782.77542770981
487.198320406586 782.971127466674
488.932811197999 784.321099566492
491.42830016361 786.835474087692
492.833780097204 786.95859350242
496.089780619407 787.208283237712
497.23615238347 787.813861552465
498.446057221297 788.801599858863
498.745456948767 789.911678343186
498.571075195543 790.5991878417
498.856722553532 790.600857634848
499.529257381318 790.85900765542
500.976528064621 791.61876353744
502.807851431313 791.870568344052
505.030307567309 792.200074191785
506.313681630768 792.219666431381
507.436518935623 792.276105439759
507.665209073388 792.417147300934
507.913278155995 792.897379810097
508.199390409867 793.438838067993
508.867257657138 793.989201889343
510.016099737341 794.555261766277
511.522653148466 796.090358266359
511.869876347978 796.588067943797
513.002210134263 797.115388619713
513.886683803583 797.564674295879
515.9190898392 797.661522298422
516.422087385898 797.49799388953
517.060960435653 796.66020300776
518.191294401622 796.295408864846
519.049672380762 796.171844171947
520.003373887755 796.76083587477
520.403601370629 797.347712506273
520.381509724364 798.671747152537
521.027818391603 799.5015230272
521.828118828196 799.682862562997
522.55907429366 799.723160237619
524.115882801448 800.568298209237
524.417322301056 800.671046147567
525.880315074769 800.739841625236
528.570066743477 801.129237387186
530.150277592929 801.655333548128
532.099163378287 801.578523063352
534.651477841185 801.577632507007
536.14925176893 801.69529726412
539.186079675588 801.600119054724
540.186764730509 801.55091581665
541.432641163255 801.820086471995
542.36806349395 801.338184169685
543.017012110928 800.856170547831
543.480072259166 800.971720233624
543.509989453571 801.403974019688
543.339719092191 802.026918183173
543.596708203209 802.816396383215
544.27606402311 804.038462327951
544.591259002896 804.496653567569
547.010145782177 805.275890369641
548.878590266233 805.850076573225
549.66714695484 805.621648870674
550.775664046168 805.571889034886
551.359425956215 806.043327300138
552.435912530202 807.056446462375
554.822965455257 808.710543554088
555.817527474928 808.972923717301
557.008321965466 809.927154841209
558.530660275721 810.525497385657
560.580658865496 810.051944049084
562.307467739842 808.194577471573
565.048293722432 807.213184379136
568.011061742741 807.383058001987
568.536080790035 809.304544636353
570.052706789308 808.699077641144
571.392890694043 809.448146847021
572.463620035668 809.530078030782
574.344369610604 810.153912750612
578.123510575165 809.072332069336
579.189331330995 809.358534614782
580.33367587224 809.338163138385
581.264325248503 809.291408930261
581.71026968409 811.722516433183
582.619360061563 812.64702523907
583.137987096728 813.467004993936
584.812389621229 813.780814786085
586.456886959563 813.838589628982
586.297016217492 814.605136003134
586.897602823722 814.965143405692
587.761471604768 814.712893320906
588.821506010639 815.330382826776
589.851955928803 815.666233888469
591.896740360037 815.417879987695
593.372176937104 816.726663856546
593.902944444924 818.747113564777
596.20623396317 819.904280215853
596.688681689386 820.826228672248
596.669040327934 821.745950737779
599.538862720294 821.523868249189
600.750756078921 821.808401001488
602.143856353766 822.015677990839
602.903196503349 821.634297235996
605.796668261208 818.319535199525
607.570459255812 817.30118401876
609.025992795097 817.91689241194
609.639774545827 817.662972534008
611.096780242731 818.227807895967
612.675305626769 819.993447169919
613.417356900953 820.531120563349
614.172292371778 820.378612789229
615.180390529642 820.048216385151
616.079537758087 821.837344082708
616.348341876153 822.833987952558
616.645134304135 824.289602298829
616.721295625656 826.001474233438
617.239934915014 827.074928588064
618.27919772267 827.075819144408
619.516338439927 828.072908292432
620.011401925977 828.481784974433
622.190082706682 828.94342711989
624.35536166807 828.076247878726
625.530680861213 828.561601086874
626.127177010825 829.327702182854
626.545381074772 830.068311103452
628.669911203424 827.336529514474
628.686013915152 826.341110159598
629.11904027932 826.136504839282
631.794204785064 826.953924244656
632.903363225385 827.081273802023
634.078633503098 827.566293051541
635.271023154335 826.927207554299
636.813561032185 826.824348296426
637.49143140355 827.028174379939
638.225830247794 828.253357271883
638.904782244537 828.431245901842
639.929219555797 829.425774700371
641.133174146594 830.471287849667
640.293330246672 831.518916070281
644.00900019394 832.509660004344
644.775448722287 834.269399342509
645.568602073895 833.834919165582
646.20928699042 834.216745198597
646.857221514493 834.06256763133
648.646086275008 834.417120376273
650.268858224725 835.59899996593
650.026212232382 836.737019655585
649.362689428172 838.675092901881
648.447792298445 839.653035088481
648.914450536007 840.63832436493
648.79809688656 841.581868812696
648.20186568694 843.902102050637
647.44129202142 844.617218795853
647.682346313903 845.713271017739
647.480166754145 848.083709369642
648.312914029838 851.215907355342
648.265971158804 852.439754412768
649.88203108911 852.689889426234
651.205118024086 853.553172483386
651.77010405411 854.697982665173
655.492288837072 856.929160268591
657.646131908019 857.583941821418
659.623389770762 857.806469588182
660.189683958843 859.077850090534
659.341258992126 861.603245246506
657.3122502714 863.164724478315
653.373182033287 864.656072397938
649.875744590714 864.972887817752
649.573961057742 866.401006236864
651.84275255179 866.571659096518
654.798035826484 866.511323904128
656.020240825667 866.83793544374
657.023752478558 867.521994036416
658.226726578378 870.217708093413
661.676072305367 872.609742436687
663.515846612408 872.749448463345
664.932921211684 874.959809312193
665.798933016174 876.219278623429
667.192545813044 876.713982673201
668.008665220216 877.230394033889
668.581813569816 878.667418016453
668.199646465529 879.43307383426
668.536929146899 880.305262454865
667.431827191283 882.363115529594
666.810452517983 883.905002521808
666.304097684836 885.233378630254
666.623535188452 886.399896122957
666.984023568047 888.027499163399
668.356382506029 889.366005350272
669.860471049946 889.860375441415
671.000208187871 890.480313977235
671.851482864179 890.977133098328
671.732569951606 891.399256805965
671.080538731539 892.150886361335
671.704733160118 893.216770987026
671.342980708404 893.905950278688
670.902022204168 894.889013164273
671.026069765547 895.709104238682
671.505503138376 896.044955300375
670.755941075052 897.077666702207
670.547929238712 897.434779796642
670.826745359 897.859018575599
672.309371648006 898.583931440612
673.227756246118 898.741893872347
674.321756136599 899.131734912469
675.430928063112 898.906646796213
675.751575991847 898.383890221566
675.99790635699 897.93671961672
676.594913095676 897.939725244385
677.633479648965 898.380105357099
678.686454582321 897.476413305782
678.998241546742 897.324462129378
679.455690203191 897.825956671282
679.84383598982 898.237393702777
679.941373575627 900.182702719378
680.301252527275 901.016374778052
680.824202870869 901.850826073528
681.899838968912 902.277959160607
682.386018600675 901.601470296865
683.049236025432 901.118232160037
683.373107851225 901.221870654713
684.299656879263 901.827448969466
684.971607876682 902.482675800465
685.348966096196 903.36722089036
686.432062067008 904.292954211222
686.727681077863 904.805469387899
686.775451717427 905.85476740166
686.868514741499 907.28845179793
687.171988985725 909.029489452845
687.179977239021 909.439256691192
687.087908413247 910.283504106465
686.423327729603 911.560450585975
686.346920466053 912.481063207852
686.614802763552 913.416592648511
686.807690507172 915.233661551399
686.773161246385 915.937312383671
687.172431583104 916.693617359853
687.265194415917 918.126745158407
687.831098149097 918.755700577222
689.0409306302 919.002829963022
690.021313299672 918.980788693478
690.671262713297 919.122943750085
692.178354453445 919.869563926013
694.628499279141 920.656815735192
695.231453632323 921.272969406544
695.97807110907 921.990646501253
695.853286054418 923.499916867323
695.710746835092 924.164494539948
694.386529801314 925.734434057036
693.240331264663 927.368382311439
693.318119886955 928.763438826234
693.286459413669 929.32604779733
691.944879938178 929.987731161832
691.739970065424 930.191557245345
691.836770524979 930.70362714385
691.613624463797 930.946081108838
690.227950634974 931.108718961385
688.313218726856 930.61746581745
687.806073078607 930.538874219983
686.154793375544 931.186420002505
684.691826028166 931.565685686028
683.428197664314 931.932594900261
681.868267111877 932.541512801308
680.976711693679 933.293142356678
679.451102957815 933.978982062045
679.109462970879 934.541257074511
678.630675129901 935.498827784715
678.507922318932 936.035944580429
677.857599717743 936.571502902539
677.251653910774 936.799485326916
675.93167457394 936.487790606088
674.10249816198 935.469105466693
672.943037884373 935.311143034959
671.797748048655 935.268173691302
670.221792890028 935.031285703471
668.767174063768 934.34633655445
668.162994318789 933.806102811528
666.715990598238 933.543277370144
664.904348412723 933.279116094242
664.032971561305 933.223567642208
662.449588678814 933.305498825969
661.576070109915 933.33945128663
660.780766642347 933.206090473932
660.052505767292 932.864673435082
659.634964474421 932.801889212743
659.013639722738 933.045567692706
658.821285791602 933.874453011024
658.228733486671 934.717475911323
657.133457615842 935.026165004487
655.487654090701 934.291456019676
654.186810493006 933.644800793499
653.108248150812 932.678658478473
652.293871407356 932.412382131251
651.979344352239 932.821370132795
652.07612157009 933.700349245533
651.811723777917 934.46600506334
651.135067557076 934.76077921361
649.989829784251 934.711909934165
648.044223737189 934.690202623251
647.181698162038 935.22787601668
645.715785066604 935.944662555043
644.255636972013 936.329828174353
642.949045992959 936.114981456068
642.421245845122 936.128562440333
642.669964844621 936.52352417944
642.840050897953 937.339273791666
642.464138686296 938.156247918867
642.080128983355 939.508335090005
641.041690215511 940.81121902307
639.972849881162 941.667266309917
639.702273225666 942.688066520632
638.966673332111 943.173976326496
639.213365054641 943.759962401654
639.879661257168 944.256336244573
640.303841136145 945.097132754009
640.766323775528 945.848762309379
640.763341549487 946.216116801785
640.375765678932 947.355027047784
640.569386567494 949.669360349939
639.904223310393 951.117404967275
639.212227252934 951.841427275943
638.129875374428 952.435539677751
637.277549043098 953.158337471444
636.883817066231 955.599241094164
637.578141328982 956.504157660456
639.219213281236 956.545345891423
639.909953724254 956.687166989399
641.215433094653 957.096488949574
641.980878121719 957.174189990695
642.942137739138 957.468073584619
644.398206326703 958.67833965778
645.878825738897 959.544183064425
647.347422551184 960.092431814455
649.408193002819 961.225330805124
650.575628695473 962.343869574727
650.958581082636 963.423780462855
651.506501976125 964.465508747682
650.650782084464 965.341482232755
650.783295724745 966.103798464268
652.084503390834 967.996453336958
653.962190326306 968.237237508798
654.872928682905 968.401990432665
655.372898836456 969.12556746316
656.148190403418 969.73493064238
656.792524390144 970.559585818059
658.352773626841 971.269693183833
659.308820007691 972.067965627784
659.784048496368 972.067186390982
660.110613014119 972.219582845559
660.419807736992 972.363964293028
660.483921722962 972.082437168394
660.689251143486 971.943176419909
661.12206865606 972.125295192508
661.846043957677 972.360958665363
662.725359791808 972.865904113106
662.896197455113 972.675213735684
662.554478822009 971.942731141736
662.710545328047 971.636491078523
662.961126630569 971.240750102613
663.38449685261 971.16683392596
664.424777845332 971.212363619109
664.955703982572 971.190211030021
665.562454867438 971.091693234331
665.52167535379 970.655988542429
666.476612577166 971.097704489661
667.338809969099 971.56435601456
667.559361973284 971.526952648059
667.753912835424 971.169839553624
667.588054216903 970.055085648489
667.840257152631 970.185106874892
668.258093431031 970.251342003068
668.593655489295 970.63728685918
669.390847665904 971.43656117902
670.014866727176 971.939280235899
670.164215631064 972.414058087447
671.162159008106 973.251515010588
672.104289078524 974.114798067741
673.754359769648 975.160311217036
674.72502776544 975.702993989907
676.117324759626 976.234656128006
677.198497925165 976.79047460697
678.01451202029 977.037270034141
679.376653098626 977.964673148149
681.166905496543 979.290043628931
681.742426505485 979.612313706359
681.9861734289 979.434870354573
681.626459921991 978.602088852245
681.891692876283 978.296294067203
682.158227749508 977.965118426323
682.898998657772 978.287833781923
683.695932138213 978.573145771024
683.812593872316 978.318001378118
684.228418733159 978.498450357569
685.196928157152 978.553664850973
686.165434934299 978.608879344377
686.50883379162 978.751145720527
687.222428585271 978.740904322557
688.199036297956 978.514591691327
688.488407706438 978.017772570234
689.021225712896 977.930720687488
689.632933666094 978.290839409588
689.944792771989 978.266126471008
690.427610574813 978.05083447455
690.802441376584 978.371880037004
691.018550353133 978.500565428889
691.567150609829 978.515482247671
691.760774861611 978.784207624843
692.684729417032 979.093787274352
693.28517453411 979.224142459384
693.538697307328 979.965641936327
694.811755694407 980.276000822639
695.200880407162 980.73675241175
695.025984727465 981.10711253182
695.408139831514 981.835810261301
696.138654343664 981.914735817396
696.58959954989 982.145835188982
696.603721149167 982.299122199904
